# sharpchin	
 1980	2013	12									
	1980	1983	1986	1991	1994	1997	2000	2002	2004	2006	2010	2012
	0.5	0	0	0	1.3	0	0	0	0	0	3	0
	0.496314664	3.001315418	3.001315418	3.001315418	1.344267983	3.001315418	3.001315418	3.001315418	3.001315418	3.001315418	3.001315418	3.001315418
# SST	
1980	2013	12									
	1980	1983	1986	1991	1994	1997	2000	2002	2004	2006	2010	2012
	908.1	3101.4	6437.4	6153.3	6243.8	8894.4	10649.1	14244.2	17334.7	17876.3	18074.6	14443.4
	167.5860182	669.7530621	1232.571551	1473.075545	1001.967598	1614.773013	1982.560654	2905.321413	3310.341117	2172.375159	2883.416999	2189.477509
