#Random walk model: 
#styr
1960
#endyr
2013
#nobs
27
#yrs_obs
1961 1963 1965 1967 1969 1971 1973 1975 1977 1979 1981 1983 1985 1987 1989 1991 1993 1995 1997 1999 2001 2003 2005 2007 2009 2011 2013
#ind_obs
2089.12 3637.84 3582.11 2724.52 1990.48 2590.43 4772.46 3852.29 5673.63 10655.7 11059.3 11811.3 8523.27 12038.7 16924.4 14154.8 12496.2 15056.9 15974.6 19026.4 13350 20598.9 17439.2 15922.1 14091 19638.6 21940.1
#ind_se
344.4896206 460.2267762 457.3315658 399.2402627 329.2393254 429.3767247 656.0796211 790.9406259 772.7427324 1068.574907 1510.136356 1842.964384 1754.890153 1770.760344 2121.371994 2140.120831 2046.452689 2259.573926 2483.986402 2478.835498 2355.3138 2341.147381 2527.550452 2497.031099 2374.248954 2534.184583 2882.007656
