maxerr = 1.02288e-06

    35.7849 -1.02289e-09 3.20816e-14 -1.46714e-06 1.79856e-10 -5.29396e-19
 -1.45584e-18    600.828 -4.01035e-15 2.36848e-11   -384.709 -5.29396e-19
 2.32934e-17 2.06872e-10 0.00013085 -3.55271e-10          0 -4.04591e-06
 -1.46714e-06 -6.23945e-10 -2.5023e-14    305.961 1.59872e-10 -5.29396e-19
 -1.45584e-18   -384.709 2.18951e-14 -3.30872e-19    305.961 -5.29396e-19
 -2.8455e-17 8.17864e-11 -4.04572e-06 1.42109e-10          0     206.15

          0 -1.02289e-06 3.20583e-11 -1.55508e-09 1.79856e-07 2.79256e-14
 1.02288e-06          0 -2.06876e-07 6.4763e-07 -2.12009e-12 -8.17864e-08
 -3.20583e-11 2.06876e-07          0 -3.55246e-07 -2.18951e-11 -1.96269e-07
 1.55508e-09 -6.4763e-07 3.55246e-07          0 1.59872e-07 -1.42109e-07
 -1.79856e-07 2.12009e-12 2.18951e-11 -1.59872e-07          0 -5.29396e-16
 -2.79256e-14 8.17864e-08 1.96269e-07 1.42109e-07 5.29396e-16          0
