#styr																									
1988																									
#endyr																									
2015																									
#nobs																									
21																									
#yrs_obs																									
1988	1989	1991	1992	1993	1994	1995	1996	1997	1998	1999	2000	2001	2002	2003	2005	2006	2007	2009	2012 2014
#ind_obs																									
2395735	2125851	1289008	940197	635403	490078	1104118	682276	392403	492397	475312	301390	232170	225712	197851	253459.1801	240058.5205	291580.2022	110190.9531	67063.39	112070.4523	
#ind_se																									
527062.14	467687.22	154680.72	188039.6	57186.45	58809.24	121453.64	136455.4	54936.28	93555.24	104568.42	42196.28	23217	27085.44	43527.22	43088.03	28800	35040	20900	12825	22414.09046
