#styr																									
1994																									
#endyr																									
2045																									
#nobs																									
21																									
#yrs_obs																									
1994	1995	1996	1997	1998	1999	2000	2001	2002	2003	2004	2005	2006	2007	2008	2009	2010	2011	2012	2013	2014
#ind_obs																									
953077.0468	855858.0741	605646.2378	933815.5159	759843.4378	551046.2396	399938.9293	617242.8095	679991.7902	697303.0537	1080875.05	905293.8701	763314.8144	613408.3784	519675.2819	485691.5344	349086.3105	442463.7417	387930.4156	388000	388000
#ind_se																									
95307.70468	85585.80741	60564.62378	93381.55159	75984.34378	55104.62396	39993.89293	61724.28095	67999.17902	69730.30537	108087.505	90529.38701	76331.48144	61340.83784	51967.52819	48569.15344	34908.63105	44246.37417	38793.04156	38800	38800
