1960																																																						
2013																																																						
#	nyrs(i)																																																					
54																																																						
#	yrs(i)																																																					
	1960	1961	1962	1963	1964	1965	1966	1967	1968	1969	1970	1971	1972	1973	1974	1975	1976	1977	1978	1979	1980	1981	1982	1983	1984	1985	1986	1987	1988	1989	1990	1991	1992	1993	1994	1995	1996	1997	1998	1999	2000	2001	2002	2003	2004	2005	2006	2007	2008	2009	2010	2011	2012	2013
#	biom(i)																																																					
#	1743.82	1765.2	2077.05	3411.37	1731.64	5373.81	6847.04	7386.67	3960.57	2928.39	3980.35	19617	10795.5	13167.4	23267.1	18752.9	15488.3	26979.8	25082.5	11714.9	9815.91	23020.3	18901.6	25258.6	22057.4	17790.7	20874.2	14277.8	20950.1	17672.3	24369.7	8078.21	16738.8	16483.9	19751.1	17074.5	9716.98	15283	21767.6	15183.1	11560	13147.9	8926.45	6971	11719.5	9281.93	16490.5	6375.74	8002.29	5543.63	2426.12	4696.41	3216.95	1957.81
	7.463833388	7.476019277	7.638703897	8.134869249	7.456824215	8.589292433	8.831571721	8.907432303	8.284143233	7.982208063	8.289125034	9.884151816	9.28688466	9.485499357	10.05479562	9.839103686	9.647840179	10.20284372	10.12992567	9.368616815	9.191759818	10.04413171	9.847001854	10.13692197	10.00140343	9.786431128	9.946269226	9.566461162	9.949898699	9.779753721	10.10109584	8.996925592	9.725484657	9.710139426	9.890964465	9.745341401	9.18163015	9.634496379	9.988177905	9.627938246	9.355306142	9.484017329	9.096774058	8.849513965	9.3690094	9.135824778	9.710539737	8.760255442	8.98748303	8.6204048	7.794048552	8.454553666	8.076188985	7.579581781
#	cv(i)																																																					
#	0.454556	0.451887	0.400847	0.31168	0.543368	0.234273	0.190251	0.236114	0.417848	0.789063	0.739596	0.177804	0.411363	0.365113	0.191052	0.276341	0.350554	0.226382	0.246652	0.608513	0.764198	0.329127	0.464564	0.333621	0.317821	0.381266	0.379773	0.522001	0.296822	0.383474	0.248599	0.63089	0.373273	0.373667	0.34007	0.343517	0.650705	0.35243	0.301616	0.375303	0.464562	0.359338	0.552833	0.660043	0.352887	0.410693	0.214767	0.44999	0.308111	0.418861	0.951607	0.358677	0.402909	0.467573
	0.433386688	0.43106495	0.386011128	0.304484523	0.508628339	0.23115072	0.188562397	0.232918967	0.401154669	0.695731546	0.660544489	0.176422279	0.395394041	0.353751821	0.189342254	0.271272959	0.340446814	0.223559389	0.243019374	0.561267306	0.678197905	0.320701558	0.442061656	0.3248587	0.310206562	0.368405053	0.367055533	0.4908887	0.290578885	0.370399031	0.24488152	0.578842395	0.361168615	0.361525987	0.330809685	0.333983367	0.594188789	0.342166354	0.295074966	0.363009161	0.442059927	0.348485196	0.516411984	0.601350495	0.342585011	0.394797761	0.212350492	0.429412667	0.301152147	0.40205274	0.802978062	0.347881461	0.387854976	0.444660288

