# BSAI Other Flatfish 																																			
#Other Species data file																																			
# shelf survey																																			
# year range																																			
1982	2018																																		
# numbers of observations																																			
36																																			
# years of observations																																			
1982	1983	1984	1985	1986	1987	1988	1989	1990	1991	1992	1993	1994	1995	1996	1997	1998	1999	2000	2001	2002	2003	2004	2005	2006	2007	2008	2009	2010	2011	2012	2013	2014	2015	2016	2017
# biomass estimates																																			
102274	46728	42340	23811	26616	36752	28911	36534	35194	56371	39799	29910	38333	27460	49826	63138	66953	62411	61537	57240	72160	61798	100328	85027	128827	116404	85452	84963	93740	75284	72556	66321	115129	60014	86167	198954
# variance 																																			
# 264715652.9	33633705.8	36788216.55	13866424.2	24878354.6	212144067.8	18385492.87	62683253.58	22960448.7	73133415.07	41943649.47	20496593.35	41802389.21	28776008.67	328269883	93652600.81	224404241.2	127063440	93307377.85	123579263.2	200094787	87022594.85	1051981856	364552073.2	1791553054	291158438	248405379.4	239558514.4	432171521.1	258816190.8	106845777.3	146708532.1	1480677750	277390902.1	877597517.9	4472352578
# CVs																																			
0.16	0.12	0.14	0.16	0.19	0.40	0.15	0.22	0.14	0.15	0.16	0.15	0.17	0.20	0.36	0.15	0.22	0.18	0.16	0.19	0.20	0.15	0.32	0.22	0.33	0.15	0.18	0.18	0.22	0.21	0.14	0.18	0.33	0.28	0.34	0.34
